-3.000000 -1.000000 2735.000000
-2.999445 -1.000306 226.229395
-3.000930 -1.001745 226.797753
-2.428427 -0.549086 72.496283
-2.499689 -0.272634 39.291113
-2.737936 -0.113649 29.113474
-2.724889 -0.116933 29.077476
-2.890740 -0.005449 25.890336
-2.790692 0.055416 21.180843
-2.608235 0.194029 15.402548
-2.354565 0.244171 11.566811
-2.160760 0.171500 9.585131
-2.161121 0.171530 9.588226
-2.161340 0.171540 9.589948
-2.162637 0.171656 9.601697
-1.422251 0.064482 3.896382
-1.281488 0.085491 2.505862
-1.281606 0.085519 2.506193
-1.282550 0.085606 2.510866
-1.282793 0.085649 2.512398
-1.148668 0.092555 1.590056
-0.675109 0.060273 0.262433
-0.430198 0.040732 0.053491
-0.267658 0.026761 0.009704
-0.090008 0.008991 0.000129
-0.060337 0.006033 0.000025
-0.040067 0.004006 0.000005
